jails:
  '1':
    world: 8c881e02-44b2-4b99-8e14-5da6a29d979d
    world-name: voxel
    x: -67.30000001192093
    y: 56.0
    z: 27.69999998807907
    yaw: -54.57574462890625
    pitch: 89.54999542236328
